52116073
375648191
993390442
65188742
20575565
141506432
25331849
300321014
389447933
129009594
955292424
812072468
237726249
70381593
103565761
161071616
912179011
828983294
974769239
638245880
774249984
221440623
585314353
857162319
787662962
480720477
683555923
781768888
253572796
383735640
512760801
30239418
713719284
726435970
445101410
916091878
849225870
573211729
663372681
241435965
666085795
707412900
826628938
743687491
54445839
782716864
281549262
164822649
422377674
87143357
443132448
151402176
222887092
148788605
607876628
826542413
78967182
436901059
618386221
10587617
682746754
793790758
878964794
463364740
1222455
816659809
347939215
75541608
626642718
814580220
783369840
474739418
291361185
796307975
518169189
464786202
612500121
658620436
853096113
814675425
594957797
556021866
818921182
713825645
876657352
891333447
34457722
289500817
390752860
107762433
66056913
407322258
968645545
586575074
666974800
144243548
247461519
497000496
335922316
798643776
947204765
487785661
883442094
722275936
12729494
857405152
382427364
867368272
130305578
500633666
603077763
22181291
56039052
668758682
500027749
515981544
55253162
448792218
446725044
667534104
451068970
838829522
314282278
365510341
37191942
397143216
559928736
213272148
475918442
270035082
15528006
695552861
721360847
993446626
439024332
81359849
608389289
569465019
802734477
152568605
277582804
58370283
919000507
934700262
78124455
387003161
943266118
488060827
732934684
348482747
457392205
524222926
874797345
857415839
417038550
594980277
311793806
405233924
498262742
603741501
950972018
998816245
939141030
55761522
792533469
638175041
793238595
296689156
959422715
656721412
761589773
720116842
633588056
746072885
338243819
677305075
13039273
879433535
972989255
240231678
159867604
182862851
253971970
506601744
399274590
402710089
348492838
321842963
854202385
521106412
625076167
603149696
155815262
634343505
459323597
959100277
169927531
645478952
872596037
120625488
205323405
412625327
713892021
298132698
667962341
394917056
604315198
512752223
305306676
609800583
919630114
837851429
427825333
578519003
76762436
153767194
959848176
579430962
117135710
777409557
144888884
476490961
744468762
558472559
403974710
20132124
423702765
251795905
515613360
47709704
815137531
201122233
184096935
727418869
940769926
806302142
393040119
340480021
767803989
187935874
241560328
787923855
347821147
977332227
852686287
405616845
26919528
338485616
640805538
980916314
265554816
513927466
317957112
25729622
716331629
292452030
757218600
704824816
651199011
895798003
25809936
194968088
226434507
586148849
18735286
971784228
226567282
364839728
373104619
553151239
797680930
832380018
997164681
994509409
945020559
613732728
837286557
862229164
640209186
840077761
687720279
676812696
724755509
147050324
218940272
883735962
721502044
581764579
293463709
45210443
30945960
416236460
758265531
16261752
744112050
294123865
450514802
255386334
295856284
654949483
841903663
178193320
575355593
183335130
294192450
956280321
17505306
138038467
233350551
340619636
326046015
831155476
675630427
521101140
212510044
348744907
336329766
41733532
753081354
135350923
939461924
757334545
424731713
178141323
835112877
480068395
454865174
648636760
867721283
712406018
231751285
255785752
994738663
903290430
979570413
981471556
415788726
958004738
574904723
599784029
502836124
169541198
261465383
333359487
59437594
684018128
596782602
599109217
660923596
143825654
919949939
389115125
141417018
258639232
186898745
498055549
343641372
813148536
534157023
420990451
237278004
622418983
878658234
98194415
913342143
106263367
434553735
208613537
764533511
940211033
166853273
909875326
940542095
206852895
212654313
51878997
994263476
100526988
297709888
102689693
421583467
818326098
77913419
659050237
690665074
307341953
852684718
969221390
314425868
309696626
520854768
693273081
258002576
580495812
280517968
927940439
238847297
853030041
326950418
525292241
37320935
930761548
301267876
197302600
837277108
234207096
823224339
5617195
624144638
880666889
291529009
16475341
112093371
448062237
979214169
554376106
58943987
274779531
36202111
263630367
917735788
71699146
374161437
875135700
196122385
895471518
871088397
353203433
393740771
362299166
434406347
845110891
557997628
181879173
954848453
810004421
56062761
12403097
396981860
154905025
132359468
366118583
715441340
713560037
117356249
661862050
813436567
383969756
92261229
72241603
633882214
268537913
744195510
47248995
385103537
736290983
44174188
578881299
641730030
684601026
574235585
981129159
307638039
58090770
171425147
870489890
867525293
540223047
227852684
263952670
451218575
213782284
148142138
322579178
590868660
777273802
810419896
3145330
990744464
956563780
397118237
797714438
754425064
279295663
322844239
529977271
933764225
342246194
677770394
480643294
209693894
719483439
214957802
261079908
931751839
456460288
559913012
521038266
500775246
964686708
974237955
47252123
295127602
259981033
872035413
495058277
882626785
792125810
747105462
672802995
327913987
327817903
809232658
722153295
810943245
203509868
798915731
646570530
310009327
153109084
726305389
308103091
484158829
132927952
498041927
447496651
205004562
70124689
631874655
957093495
819248017
815513744
662311533
445931621
222214867
126409291
16243954
471448527
67656006
300396476
264446499
591190397
808138238
311474381
48192960
120482896
588735050
965210854
95567081
457435318
749428942
833476759
10772057
405375690
393302229
405177748
275023527
371698299
839539754
154884578
969508709
752289761
44221564
905039027
642290158
662221830
499112309
536331971
764139196
235654135
605245451
747882370
793008224
472819804
527080010
377167608
197181206
558866403
67707458
578168713
864350633
775712387
458455987
859011576
144797118
138813260
970128123
489529195
653010690
287710429
458230317
21150162
473956158
407052309
987967946
800114646
58783051
440733888
888972340
986441694
598756338
840866476
219670467
163873800
162989762
563801554
9165266
564520590
18047119
981101088
553952383
190364333
277432687
496417644
767670109
866349923
46969536
71284018
154511
104952348
715092751
526859394
30442592
230373109
524251763
468147231
784063024
66294364
851323263
982135229
588887512
605680455
661628177
145593692
39607868
253353521
135522722
214031488
606841231
634144123
866337821
337251137
576007177
631637133
363820105
700518371
835634714
848338998
266053722
458547390
123057202
919919619
200242509
293461978
346479746
290231352
181885870
345984032
822339398
653354915
620664660
111978943
205377849
892118708
654960981
44801023
517023146
841970108
794021947
893414762
250408733
403985012
454186267
529825367
240227385
855824969
655819992
951260166
985678633
61871288
753184397
342130970
735678383
462271150
157867093
468271387
833436385
529956604
80182237
782847924
3912512
330178641
22179632
508763886
351939347
794680528
902735423
72903670
364390369
53297583
564035643
246294626
468399166
302251952
473991897
947075652
106944168
853367224
505323582
870989432
204902372
816599165
16887962
473652253
2496688
325798282
894306551
136983051
464123567
653935407
787035751
41839431
972749896
343623383
765644271
178774665
328332059
37800600
100071277
693337158
612739407
266336472
841117282
126753720
699364259
807198694
572796334
980833351
429387630
901315679
106566567
674264794
421245725
229306588
960328696
166483696
134267166
304426693
669881506
597167578
872857697
887177004
749128664
972898913
586296657
152861857
446093258
481118128
416671466
32321922
73645571
523936507
238593972
207004278
739617441
755514855
488565679
173014730
754780183
184059045
150173360
643389217
601476535
173403362
855155326
471629494
249074220
123007357
448884049
812329783
628550216
486051794
763076806
675307905
177990930
638026205
32603795
727374927
482870488
165138702
672693932
891594090
52056580
961545106
704563985
717640207
514266782
124123126
414536089
289972940
596492607
673205792
970440656
763776662
803706422
454111471
264407738
178884237
140869446
290857034
919228260
334878785
845177418
952653411
204285505
72200621
448203187
242357803
478596990
318866654
279501809
100499124
239614776
746333248
397052492
284447630
833676555
279762607
847397174
308576755
651926254
632525362
13332850
65299172
718443304
215620146
831129986
768323332
785542445
738189874
929844317
449508956
787313120
701475557
551336911
93547721
401178320
595703782
398774873
244448535
804694939
233001902
771202254
427254482
258546643
902336356
4673491
306256277
817870368
214676565
504231970
188127249
493917601
567239316
704101463
24930775
42868657
703606994
779700417
235607423
918480751
20144606
362111227
404139538
914872386
495884533
729622631
855985784
948034216
267648383
973567553
936354830
563478733
576611404
946965147
331882983
944595877
719218101
854723203
611219342
459707054
639278774
122368536
806956209
222839992
102198640
594881934
155177944
545598594
464930352
314648049
926630198
590280592
734737413
124555863
565595476
426827258
117339707
900786875
444117033
358598756
723486536
649601558
334004647
621681985
659447582
834565969
549927761
356555577
311266414
598299640
103813797
448767230
828349274
678387690
710921030
965894394
994759157
850523286
588293302
379723411
29947858
591510809
552700540
930283413
119703210
284061482
8940385
299794627
559086342
483167968
852649203
9709473
971128198
624999712
563962606
253042550
233539961
782816764
240866224
541410349
125943213
564668632
948384260
400420962
716679178
135939995
958825847
501248176
590403967
72509642
172572922
848189656
826826742
498884695
60446965
852553736
178503918
367877547
972105650
168930590
597843242
323433790
841289509
414756974
499093519
539872362
744281745
410807647
702873479
382106759
889026082
816157191
773275588
629330370
401109532
926081409
789228978
499353279
318136983
658952323
77743605
458539449
85015127
721838125
681598987
470041495
716050858
479611079
572217827