917390450
967090315
863359238
299898198
834847161
565542979
567118344
544011958
453299775
938826464
664387315
862333297
668111249
754094092
655101844
196688118
790427530
641541407
721255732
242314498
986266363
571788704
896835384
256578463
738830656
907445234
162282754
285589527
775808182
102805357
741641916
551564466
63664180
945992564
551521049
614642362
215529155
884185991
687462903
172713365
106097475
965043671
836624368
414463640
875058878
738583421
568538228
226020798
533132486
535505110
97173480
133680552
636252619
124221248
576268714
786020132
431099899
115276686
30866700
755664101
972618656
62244417
267846088
423527373
164418718
480353285
404062722
996592194
597215212
942687579
272409164
127789938
46877479
303465099
293747774
639624520
565612360
847672184
611864395
642573933
282577570
161031981
548285404
755189485
443033455
673409360
249099822
740346849
661939497
238171664
940877605
65980120
132931955
929308307
69340028
521961779
73742985
579360216
783080215
165743128
939970912
400376855
638466707
819281445
880811900
990728093
584463002
623720045
140578694
392988860
198746259
607226419
11335266
801044075
331028737
426611474
331235175
657024859
506025332
833406236
144643087
942135128
880155633
847398465
506443513
790892902
789344683
443912209
177040576
257838230
409270980
254085638
467274407
510768638
254264354
972996060
794763726
485499055
904089650
498803703
16306086
636518590
521553525
174828826
983377480
724605980
852756307
36138072
176211378
420284852
535314800
105073790
109621520
691674116
786885000
965402166
679868282
27586404
183562674
880721760
931358593
488441009
183927893
859630133
148131236
920576089
308837459
244023925
489200373
562222891
156376294
421486028
282583788
882861108
105471593
370232185
674694521
944935191
358724672
317063863
305502332
838450094
830263962
364289619
856890404
810275110
763651188
500690142
303451306
137689531
749695268
57653803
261821178
58302339
511697231
419328700
876875736
780790614
461525329
350265005
871974158
397259194
105105630
509591178
889059334
656918297
109214158
870109052
632831194
86362667
14893488
175390089
691801945
508684300
426682301
899137323
281561074
455491962
103354258
616319319
298109054
732495941
321455201
147732811
404651568
347466501
836916022
48961666
259882335
936853633
395481020
523969955
532708117
99863630
111103702
805311654
17671295
643440623
389781322
919606517
476284620
695617700
759266602
559761888
39631070
239493627
410122895
856807186
316210704
6731775
635739866
399871559
909442516
184304552
97540097
264620868
460820253
248689529
301871225
767392213
99859124
996263943
827968349
289396945
621502061
697666550
510516932
649073496
814304703
606960065
552770055
924734391
531442058
17345469
656310056
148132663
170607448
790657605
902002270
582160796
869234047
112786952
323311402
496966740
543091729
666736357
485422385
947086910
681242838
472367423
183802818
605336143
604456046
746244323
193167873
450872247
915619390
673164307
936571679
980931595
832137696
804132898
767495841
827841188
161458589
524176655
563936905
680491634
55251170
559745933
112671523
180561416
900847408
781337728
708662520
61014952
732315316
780429131
967496645
749729400
344223298
387031738
565625077
300581790
910895783
890174694
397637911
748356717
741521411
582970641
108902865
43614594
638248411
138120907
848607427
220625567
174090847
710215633
59497441
58888327
583140646
623730684
589593894
638079454
905591888
117347730
136463329
754205597
612780800
175579728
881058231
667631095
285213446
616675800
900594218
290713687
272663240
586265736
91198258
136363699
475390050
3556415
80366444
854781663
288993466
778391143
770296354
677228344
410887794
750516743
182879196
325515143
102310984
83794041
768476055
977707846
225694420
320588176
757061115
451218293
458462570
610589081
292097603
685516159
328713442
653295476
83638936
848526174
574990478
726575151
567890689
764900912
148109059
421867942
220415502
169270807
791263263
770858621
928544809
804596023
955455546
657140931
524871724
615712853
817545875
581557843
164894912
526788756
998281745
753962116
178693663
229110119
407525437
18846841
917296886
522666398
965016058
918812695
532569980
299933167
211949654
591674471
190911800
925701882
499298685
348341942
913205276
436966212
926287874
236318631
345680475
438543841
88210844
272196629
945700134
38632377
164883877
199081261
656842812
929041492
759418018
520658389
515855016
55103665
743406381
636630350
781050833
492546044
127576680
869272322
858246498
692787970
380524085
436379982
125812686
546723616
488278369
206297966
22714766
916818338
370507091
171982960
867660723
444336142
138060583
141359833
192246078
43887599
635127349
466156557
578155509
758348113
967134175
385689319
622904441
106798708
765707699
879371220
258433923
509120542
986316755
856961172
615430095
237111529
590638783
201081054
496020504
552272841
276508214
418554275
490686780
908025620
562769041
501201403
740465173
97185082
839477476
68994320
516639505
40253162
9852603
794034141
395390317
221357120
358887891
71876537
295312422
604253470
837393001
122205187
464847236
107722828
234517885
549751746
356715519
162610260
715400905
920696031
952020241
731950285
347503012
255631369
69485381
168564552
664382883
485729573
581134997
519274747
747801466
809042908
912094808
179306245
285232021
29494950
330025444
217055946
765062200
237526071
98268365
460432497
561382605
878624057
530340911
503508280
615908024
128914688
89022205
895015397
745132877
707159987
171674158
385570498
627941292
228996065
263341183
444200319
741991979
516402751
341664636
815315105
227069957
423867530
788916907
968021063
87996862
127537691
518140325
276100626
521398760
13541755
864821869
690265852
357409409
736069251
229436633
605988766
420532711
80915931
456244902
77536152
672635520
208853962
749085239
413146438
426249891
695539696
665431240
947206090
863083308
179593987
178479115
993433052
307995072
197689436
40748908
645604615
790310095
594086265
897768069
673984491
724628369
569657386
397714903
313077256
667167417
844470951
264245824
284468606
966114835
537796845
775910854
803830944
315533511
313858010
434037640
976542776
279158319
22990493
219229048
290843892
102764427
312838383
290247596
69447815
600846019
516035351
14771040
79840138
83587289
674580264
703423588
350707451
279077450
62021550
899502689
750505551
39349844
127785512
753830419
168682445
718953383
329573085
782997917
110859281
654322420
726100896
175352059
820637354
839775928
418229774
964834937
624720364
121283886
429907602
212531004
855613397
308075685
244729460
311733866
677175329
949416380
330281714
1596781
84649268
311093268
132489814
755024401
313697767
897654603
350356054
246113404
910431671
909496122
221401530
587854353
307329007
71524071
745597890
177966547
346020654
628938934
139928456
773245676
677736106
74250919
760094929
69657184
47798525
485762729
904671865
385913318
663423400
444627784
831645166
858378571
289289452
80652369
198350986
442520634
399561745
466523613
806150430
26387699
892108965
312567435
261166843
328265827
998970035
175403953
96494104
22845546
948328051
471001455
743067892
73722409
495671947
307113908
336109030
841400569
996059731
186047080
273791264
629134603
400892448
167932436
682880981
904224870
518136744
640409965
756084591
254009916
53861746
749380289
548539293
712595462
2341477
875946669
960868979
625802719
872342164
882830916
953674828
250979660
129716062
475845895
731559721
168655931
332843417
587297566
245035567
907623654
772600264
463030887
912353617
173947744
929102226
406292017
195393558
733429401
43176669
536297138
707465829
929335242
706685108
602138738
300830651
55466075
31178557
577925467
71051467
70559030
60700289
344197867
947972697
81477688
307946597
70851003
419492742
517077876
52678932
353095352
25280215
114029005
386127649
84322251
423960132
361946015
879146588
296952728
376544454
452711086
32173337
753406671
710005303
943536716
241681493
516603401
331120517
134835086
544489559
423420680
210218395
49198933
686437702
785686927
922327503
249090631
56993325
47013420
397013443
506123584
54861392
138110854
730566414
600305223
159940322
139599681
50675684
192799427
159035486
683143911
46768156
674156479
77660819
326355547
993816297
716490747
397430040
480541286
876515677
713694275
277827733
864350238
694253236
837139472
494771782
464683040
492344788
195463077
404525714
929080412
854251192
369884449
244150483
574384024
983140209
713688079
30821522
160567753
9108235
488792124
45789434
648843448
303854233
570020155
166489016
858658254
310679405
911450284
179197337
30130913
297028993
647763512
155336731
96739453
958820753
700690552
866917410
876264801
670698917
353647437
310322134
356229839
247172116
169840058
638921031
237598708
606409493
554696373
483102488
657934767
35210923
414303959
634624074
186848318
883475735
248306285
652733622
229136414
687372229
800851703
5518640
994535108
636801798
801651721
965333102
254057396
126967151
30250189
871521069
432168225
98988419
706477353
88522306
993243298
932460173
699442123
345600031
706812221
249381939
400136368
713207872
47103842
330707311
913625108
234592551
717136191
571291734
286874028
363709016
156876043
312354744
523146712
696187006
35914484
548993109
281359936
107206021
638775456
504597968
596624350
995464452
186777806
339873637
948311142
502063417
871401565
660378088
874766788
775744343
790214655
400375313
533452286
229605238
732746710
930028601
896888440
222456460
655665637
243236100
11750739
527856202
980700830
516078697
324156416
538797677
599791162
547071053
552972172
497778596
575036089
826828829
800661299
403279173
59054440
433498873
120676633
63462198
567465966
310133602
883538991
245723282
120686535
686066743
603264870
19552992
384245807
74236056
793288855
496079925
385186658
997836984
417262353
774917428
132601575
562110283
867518162
453511585
654685667
145835627
418191800
112122242
193978040
784660897
28442771
326325870
300660990
750957938
630818724
716033200