1000
68341409507449
39010520977108
34189421391345
70391366563594
97378809392658
58362638411907
26354256317673
80636021862272
34062409260948
84811954917301
38720129502442
60553869352213
88150185335792
89634695178383
83834231768470
89462824641491
69274897985822
70918211877136
45372971671373
70873614994607
42091488747874
44323694285677
43062300376175
89334615235724
89263563851128
28474181346361
81908476874118
21060479513341
59861810619020
22449486359815
71079350541566
70815965513704
11549776730187
54938426007599
11095164857867
53478213835584
75806334710728
16153076552030
18283542949358
39069944764090
12852306513768
13439445012713
34939161025391
44689744455649
12736862066715
61542636083869
81156942261054
51927311231717
70456310791846
19766379502240
69104745834110
92898725877111
38248724428151
53532524233044
77112286850865
90376720173677
68482680430317
30026946012609
18856234290443
18410207820001
14091824465610
51095117812842
85505889445016
33334867641857
65847547491994
17141657514611
59035780429820
30393942578389
69796706347187
26421585066665
26243141589898
91235393111778
22356682933822
81215766277465
17644323718002
11632108728684
25199741235147
88661073967756
80911097411947
25482711000797
25637746589696
58018489801872
37292986736997
42755595795075
40491689583374
49516187877606
53312472340889
13466097984664
71822062218306
57816635325811
60842040482334
81162725489060
26400836975328
46854229767683
27588881478921
17892336224993
71571352853976
93007363787892
99758906301620
31734480970750
19196109739821
67460821020116
92381500261383
60042175116424
43204356592640
93338423731275
41347813306258
77903745021468
72238919570197
44135401933071
81514425372503
28933696789318
28591134793164
18323602272303
77447562133742
13147437856017
46300068593060
91706461348059
16546774624920
72142911245062
53828625109793
10145458572279
96091863593664
57273930707227
98908206585041
68415008080023
54746779347053
40201703833835
20097696540257
81002104607000
44846525189324
54078395292225
89925662962398
13043192614058
76788456743194
57581813276894
73261208993404
57097129800948
71215596440798
96695309209494
83624174840019
76949133348503
49702562173264
73087122456427
71653920137675
12533445602355
42317829854721
44729065536083
77507346403144
12204160642497
86193452075211
42085593757918
76487853050774
68188838123015
12663440765935
33561447279773
74940286274989
43999136873951
90704944861282
46747853450845
77367872250600
45619514869963
92528526973953
59730684270388
49103156743358
75848828445475
60572989585010
90576589323193
59818026976499
99968538663074
69642454263932
23911064831350
26981128646931
43734153568895
77787099075771
35420836392193
25802803199060
17447395809203
58882906097089
96555051050255
63361551372090
77539269882347
70805539351263
80355281482616
35515280315563
23261801149320
75628357380156
59087187212354
62156983844951
17617545366793
52569479963358
20413368896686
23691538436883
56019445447035
57137482547128
33337291936649
26369207551496
49894536829415
70906858726165
11810485069232
69982787669277
68061009738651
49047218194013
18272493121874
44903211517642
73612062474774
68868301754431
10201707967564
39019313087740
70294921888465
68769602122118
96427819120286
33509691826237
57719492604642
18780741044677
84375436697351
55736607761531
35401049736210
17582174841216
30092308394115
80565859790137
89671092386411
41017503594709
67745146397968
62386246715405
73349856605393
39668214087547
86711718379010
54532583984648
88069352482505
42125475774150
10046291431882
68570318817444
66770319755843
71959180163838
94163104272778
87492522649142
73600110669056
65770202063207
19011439249729
16706101284694
15918073997071
72763675794355
76469267576495
48703309215690
66027204871488
83955217339898
54676498897145
43750201035126
35903321318573
46698090237375
91781015379146
30292191326055
58932277546985
15827111659615
32245684340050
12052375926553
55531376906403
48790167013867
92847197717677
41921959870259
88364393076734
48842159047164
73021451970643
19013529425153
50354412719776
99210564618144
41677340531610
59371557930877
31301255528681
37866121937134
77439554226297
80368982396029
37390347980601
49597317646461
26275401409689
36885536312158
12850502664524
97377041772910
31448690986558
29978783052463
87533694602368
82372360667915
54339698371509
67016243411124
62227188215398
64165989422656
45467305129770
16143633788063
73560088227197
23968792490675
85853951773402
86872943113372
20517805994455
83483677000538
62213925434981
69910297210285
81503097660270
37520551593511
61411913699628
81633810189453
79912323683777
65640143253328
89111447222919
76236672835376
94305579494615
93326906381938
57919666608281
30284974734828
95506464146164
49267777140644
23173821256964
88507276913997
30849341576382
10863712303822
97884718185713
17295568819303
82562956866568
81820588481531
91459765543109
19292462202655
77124090745355
78497645886043
61473894978425
64906862362989
65604993382344
51761340778997
43505914364718
15581835025924
28100693349920
63534917640134
18748728054176
74527131805030
11585389305822
31105019329044
15186814876558
14046758602718
11759553150825
38053930990171
95182267573557
41166459641670
91721947805172
62150702353143
36057105022394
93808970327642
75701413135374
14306316348124
54046307621170
71203854610544
99513156138475
53575173764818
47400935561308
43622351627220
77919202989011
48522967149094
91014956344458
52437623339468
90113528452809
67120882338496
75188908370372
59371155603001
80188206789151
12605960586787
86326447025152
85666154422011
41503240964689
49635240884005
80552076084442
59432958159559
19585782391757
14377594309287
18166636185473
16843594255175
16834619349088
20106778193830
32147700655785
37679469290583
39073943131609
84141197217297
52779086591663
22385693832129
93663841352037
39178959442654
63041527653076
92721716950117
31193610595582
74305211172301
15446708059537
65315068277628
51405197115098
86228946863748
43885515528227
26860864463037
11312993668482
84081079617912
15259468044882
22722049113804
16843789503103
38920127358630
52036326499909
74388502237210
38743576345238
87016978113944
97961511145890
39852641463759
88084437563262
77153619775262
91911554222840
77084547444260
17938784116977
46431198555925
49132022445353
97832164029533
77113535891327
46652068482656
85716071751903
90477893964329
17709526703895
94353045651083
49978496391106
93058313964169
84973942794036
62030366440500
16909963867994
92017253819999
72963079367176
55157874387276
36921992270546
94563369848035
30044134571558
97056504418413
58272605262617
59376928589331
46666856592056
93831443302455
69428033882180
81286331783120
67497640425537
38715248941271
78039795037712
75247973788817
36239318833704
42588487056849
84308231214504
68844844424011
74878380448400
28714198650053
31830761725798
60753263220556
91175241346015
13108446971026
25944481835458
61672636235337
10806376451116
44303787500165
78268015672985
99241639312528
47875876663873
55581765616860
66663343021538
94644712403289
77155681904267
76950324774014
61878339459097
26511666235656
62461215382581
64117494019595
16480895277780
44472998927722
26184185625593
39278667482474
82188366191904
55953813415801
11490978289115
60013858483396
17158346176209
98911516357706
73451799188397
50375451120205
88528619712895
46333916056462
80952716607988
85218801437195
83508071842752
91144145380019
60040067163538
10926560010232
80206402138794
75780336567682
22062702925096
65965999757617
10016287601422
60676176263136
17140961653995
13490037674199
26369252105012
45865895781090
92641776986609
65361170661760
62156223843604
92349456712808
77212156660221
22078914507908
17750986572696
78375199741562
65432521198379
66095734809077
43996160471429
37137712192210
54445081240412
66081972104635
41497015342403
51471678009684
68517411265405
90057236249327
44615568686349
30255079825957
54317083073607
12538357469957
42475273772163
16391129065052
57104644913449
71520852750457
42654238652298
85237432810875
62049673558979
17550403906916
84089258525535
26391363854765
25734851625290
52584630035623
55850237521242
39507162188840
78663908860086
31281118626403
10496707695813
36676017071631
94246838517000
74453354251446
56472065037069
46481039464800
76215433047945
61431735871373
40164717213929
67691526419912
52818726951171
99770834695588
23125099895924
16303308767535
72242232301756
39963152827301
82426941058737
38881301805839
37299183280176
79069111311016
19860979419647
66384206459771
64562851993059
86614066823890
58734039120626
26287885777079
86159854996059
33471169938655
32413288176357
80361743691469
74435954983628
39695981240606
23188785394678
33892382436619
81890660219887
72151601866727
47947915937137
14241501817581
65252153668591
12636709090960
68410783473184
82562652772394
52292997580776
74521708078407
85304715574743
70824107224287
87617298867433
70985517251979
17371222228263
51841314060159
30188420642660
45321454870085
20038080267633
39361426123153
57971881829792
57215479082607
94981081396265
92423061989361
82673091320969
38902220519575
93182401535852
17709051005172
81491751827424
95798715037557
65106493605568
49638629335180
88590330610186
72167120383893
91862818871000
29055860098579
98276667666896
70905504705575
74492280948747
47647319989558
95655095089174
20784625533688
90967954253329
50356992737338
49258943581835
90228837222286
82107911562665
84408214156474
94414327675832
52893736163701
42883516483069
46151807161094
36522258653642
68775875882913
76120348313997
62737735539642
28561039462552
70265248792868
90049352210765
63191615505903
20279823053730
95187812539632
57504688185488
87208909275338
84564122142602
71303193332875
55221834240720
88218559083282
87539614268430
48571526456974
73046129557392
67536980555263
82388120375037
85269859824443
51381123151974
24342449432096
36520663916002
39671023675983
87131317820530
33011225704292
60295326008273
79670914685026
82403965586615
42822925304016
56129515095876
62075269819422
90124075706203
62179817718970
15349337055289
63532579589660
83719665560188
25590949010976
76569645103413
57126213314324
43719873515858
13935878301944
58651550111618
50055852602098
36413598501985
50985482862162
77402193914021
92179552626980
17070419701403
12722709163754
75774725995257
19181371509884
82171673165900
73784143494494
62271438776466
45044650091432
48266301208064
31465820021187
63409042284080
74822326531869
28078072412841
10492847512618
91398417859153
66407993644025
74136977975080
26179080346948
47360979687187
30269167393989
53781999957898
51770616348668
53123242330331
64854463031899
65710155505858
56531000325604
62053378840345
51906228270731
19635164248292
27139762801807
38111630054096
70104202682862
88599874891591
30161781951259
27478657246415
20556637922269
51198275901642
94440233147374
19520540142226
57113368873632
73337504518762
17241887664127
65890650024020
73127207164688
37226483508100
47659501310970
53675525095807
31897969390300
25882454185965
70879788617640
92182648056644
33412581364329
10748904930716
49702260318741
94188989692673
39620848199996
97608526687066
96626566888776
63871519199355
75769335215082
11905616825391
68147674880094
15025598190929
68892760140171
33357926767852
70770046052299
75902615591298
85782786503724
81672863514855
24394562314906
17594980453149
12606180714833
50846949402763
84846486577153
68454161003479
39414372929966
22598861084485
15941415366422
24096974092740
31972597955577
14410504808549
64362731728207
48481442022898
44528369009206
66858412454544
60025051953096
42529590735309
78990407714323
93743433369690
60750377193437
56830195732893
79166394323686
33248478041442
51867419841310
45589359373410
58838247390800
68979428894224
29224068799701
20037971052404
18132538520520
44647556652012
13429694559701
87373220816019
81025915580452
40479912093824
64889490150195
71730731150434
35916516868153
46386237389714
17728391177985
49009822560451
75967097126115
71791776924291
19015817729333
12292589394715
96099790465620
42583743992596
58068960645288
32017070994482
87406412778417
60493113302862
42004655043886
15774315647025
59459016530019
72269890557479
94851974637659
48164164331079
60868065640426
31974710132844
45345901307682
15103696601815
82016736069847
28840320902103
51073766574471
93499723743154
51861137906653
15254229513130
58839267393949
74920379084134
32745664393999
76480417648053
49933691050541
41289323287214
88591053188334
86487920439644
42936101289645
65125827960844
98703524664720
58181673381485
14105479035720
85694753281349
52564021956620
18497082301435
42890215420282
55195993324489
35636767229468
93312823455025
68722310134290
70513915252954
72545796902553
51734025773260
39183675465812
88563985682901
84192779247940
88036325093505
23265632758443
61685339060513
95531096561526
84263998814187
61695801563101
85350461305603
11193673832362
73130478528089
82921400703131
99912959922042
33154574480631
32366438352394
17724392842027
62698433280420
83868517993195
53314359708742
50368110021433
38769106196963
80318241243508
42610722451240
78811855091344
38691875131257
57258335034490
33815994627754
91446490905546
41122814296173
65909540750306
70102505145874
50860936011263
72105665190897
34432656479597
43458035325225
71504152823340
64901926469203
80830478652988
45857940616736
24028275050570
87864681862435
59851890306553
17901702566193
62334224742515
29231301877408
56289801586739
81606756055927
22343453503398
66628316131923
95142489961312
69033087610003
94101569457789
45040460132154
83115261329399
13919076081426
86618236599420
63955972503647
57029864533607
43259946396673
30342240694274
60305412241931
84418953944564
72124965199404
63206212736484
21236642153225
93016667030871
73698255680214
84307983697996
24783721289322
20352141422131
55445927048290
92729953228651
59793395210231
77598223421043
51784668981396
25294219563989
54325901801132
84603325403791
16171861961296
41765212637320
58629411674871
77764487660504
49304575632231
11387928604856
13537022877118
41129069863630
53208931418141
15349455333826
13442673081335
60100777231157
71725904222577
35578767490525
53827317759136
71820697448610
87760613501446
53536627383347
85254437080144
61224008056381
39877440149173
62806536333261
96695359685722
90681254089327
76447292151925
74434589180042
67659502131585
29876687689038
56012162597775
19598177047940
75696025484171
15584494398002
12873576234643
26504163594316
27217786300984
90794979663271
29456152754851
60331848716335
57514349834222
70505600603258
95778222108852
89261744914439
30919752264269
80506600291867
82005190319035
96946738850146
36356896129045
46351236233269
75520321136150
54400745378994
33756087233514
60762517087992
95363193118689
15504757587276
78436765298066
99503372059458
26772660850037
46298746041918
43510096074097
21863637454855
49902201020449
63541827892279
34056298590766
82258541220569
54079618460636
16551637759927
94291462420493
47814077765957
56386444988957
73285884871386
74904768158973
23261941440579
87901681960035
58431594945616
14926304490603
10273635049712
36948779240202
44093656173054
98239910170673
49632281554528
39052165182462
46829259304789
82609125635173
67960097929527
17800912597207
33542561455437
99309392561292
77542700068501
42472522978019