1000
10917146992
74008819952
70485707835993
1521583763854
94318177365915
5512957986
4528132452
491072242996
11101785206
4891375405149
8874207301
8831487388
7549263231228
25756055389354
5402995749263
4891768725
688115528633
8466732725793
30957730895
748278856588
1522987192
8689763601099
5753726360457
6265046729
4356251226
73235605477047
49115481932
71246581386
757324585790
7422852986536
87786370515682
1855095615
29839517265418
79450227412039
54737910856
9048934458643
8538484331
441906800905
6045475340
8072304847774
7699246483978
28908841891581
219901349752
4046039813124
7369770893
52124974654
44306543499578
7919432783
29191834811
65652357268114
2966895971554
2158873675277
1273150257
2010792050043
1039980286538
73304395792917
823943263837
5950254761654
9179124169
4339216166642
4088571582943
383814021419
5257675454
249385043525
59290297445
428995134449
85120279762
79744989970
83049209732951
4027724185
96890653247264
5315918710
40960549834
5108765718068
47560999597007
7008207866
66760435267
72244331032
7497258916
223949666183
369523597692
73530975026
85080926070552
1175802421
81560312414
63220474769
6128458715866
880544949886
94228066147645
88676842339237
7971171834
20007883762195
99718809083
3746048948
246353252356
363546586968
4702148896
13658294829
9537615472613
9197511181
7539580217
4241402004
2185213460129
49182508848
8220274420
224407611541
13898606848345
651196723356
9700180942
588023710042
14169768560
62736405409
920964878939
29409272108725
271193267055
1493353592
49765182311649
47168673148631
357344426769
10681369213
910296861407
87293405188
68871792013
1995162936981
34020820650
9083802956
753661987309
8176673572
7258916981
5245197047
1411998398748
566471127838
6449701800
51736501287110
8898552049078
990163735073
1404413488
57347746754
4876726889
4008016164
13601343741623
223763076137
739166191731
476910150080
612302813796
13927593504
5406492728746
9585290330125
49605781600
8727832806912
334898050548
11919968793509
31664245263327
3042261848975
99407271924579
520795958919
94006725997841
10364463158972
8330317567535
61265131762271
92127278926
9060673524831
75317438602
2862788878140
468033642093
95419202282070
1305908434984
1306018412624
9733050958392
97302584669085
56529825930761
301825310199
6752372397429
16537362672083
8233460811565
888315799582
7795929601
35290910794063
6880477539
45179421650959
92544334392345
517688232882
3495669204633
8950469278700
8453060632
5670259139
9126996176720
1244471341512
42463924817
7409212978
81016343869
10879944906037
24302424358856
19008912524237
71621095621
84903903037
6201938393622
457433539752
105727831862
34377924557
16881791383
865958284871
973674954861
76021896766041
1472208168628
4902935842708
61998732913811
1461790240
8889762770604
1735946529
326024822900
974779218889
65689006020055
7748585477
877714282402
2622374058
2938838605421
2324746670967
1705664592
99731656096
7228385522
91236177275
33633282620
3757236350
89018798027
79606908403
27774983186
65089747617429
69893762182693
190997686952
67987814667
86538840041029
1602291061427
2408148988
412800980312
18773575103461
62815016016
476117880587
8234592775597
18954725896
9368260725655
6737722214
93704162554270
2575734002
24695743794631
83805372847
676012628471
67718813910
84441808511774
3185974275
45286640723774
53527834908
85501331995
78665072625
2091093050
63484538434
97813388509
18215244804269
3714407758
869143528986
2861186800
281768944160
12422024108
94215633721735
63336899023
3439571649
98305888511
8999014560
5598347437
44022554755645
9261227200
7198748165722
89159287321062
4428307791640
7488569746
88352818013
13229821780
6863456252
92373406730148
6648306252744
641090330136
42200040566
184558311401
54382654857017
76384861812
7419072098
6903910506
93974709783175
1601360690797
8611787586
82777605621427
4642620738715
9163961768389
36273691129606
74983279547698
8142891022
184083691931
1707784790
993927357957
484525632801
61775660607
86154592956
39111498765
232061448594
162630143460
6711236662806
7829983736001
61941075531361
4924145272754
785099116672
8164389624
2989356437
4073945965
497584954142
90955819982
4792217492451
95548769418507
5714649933
5958155815
7508370055
625014545250
67850407927
284753378684
41404763734
41089429094
5433484910159
97330963977268
3389713784005
27790091840
22228776640
3064042219
3154996531079
576176794328
4140457066
228299166786
7500705421
68374166560
5431139905
41503660699137
83258691921838
32113491661776
84700781183468
826951543206
92408300391477
5523984420152
3337935558869
38214645612813
3688178653
31047439797343
82517008937902
65760425394030
9975277278
49873440264
1947198797
69354042532478
9054583265342
380426842097
362463928952
2616047391
95327262996
279276529367
4615733250512
29548495260
9612851038563
6030869320
37197585636348
4367349857460
61243438216571
52688533718
84793839372303
70317597360634
82373876714
46543794545292
8594539287
4438474130
2636286434140
921793146206
1989275093858
64555792825219
78768705414991
48315884289930
79955746389998
82115615354
674743610678
77068142478303
77044431904
62071778714072
4182108761053
7997806804
56894137170
588986233442
500563222183
6446806995
1007540242
160503438293
8577644944
109343379539
9493645414378
65556542187992
12571037598047
3650145867858
740118311261
65871621887
46696380403
545906074165
879753315175
1765400419403
607686562115
3256535275316
88776965732573
232710245531
7947034621
16473967586
12665984841
7871182749247
15878994763
131248219393
6340261060
5924771802342
5397613165
48420271438347
6208973849291
6566986177
604552952855
14115392961944
23605071468
43157780519
279125969584
571169710580
8570217331929
7494217027
5225520424628
39559525577
6903375723947
93674180677924
2443586455785
6121718890587
12656083078
2769040589668
6565197946151
212688815063
410297140049
234656457284
6771095968
8977899034802
597634221322
30978067086
1203558644
8941493525
139020882133
80444962013408
4396888006
3738138504
66691191366
442265880548
7857226005317
63009631289006
86481325946
794369368919
1051821481713
3910604983471
2842650896
5168459642052
1872286443
42425033000
644928440512
904530967137
677693352569
66203407950937
661458174648
92856090280
8117583741758
12243183754
7667470846803
128141386896
816694589297
75829147201
87605887678
2624712483674
7738547162241
3935671386089
8317277736198
5239176948354
5335872169
9518663804
71139685160
18541152035
1241202115
21774393688
1085231345
797921783853
2872894091
2268755847054
14649989610770
831390247114
68275136026
5874862287300
7314694179
262642129726
6690812743
32841966502
46553815495
76853388862
60732076821
25994454269
195169349071
490914163029
6167179695641
401950961579
4980160459066
7859946952332
326329681032
309178235117
49173725885
13335854933
8069935945437
489580133611
2685484677383
3687086887142
532090768148
7636106824
246388364565
53697695533
39775601230
666444017805
235084751352
140706162380
87189514590551
2583083266992
987616769119
66470956131
99581491172748
52088625842655
177670074466
17289279017
59537544433650
9793065878
689596571446
8136867858
5605385196702
74012215583173
5831916769828
64624066114177
2671100269
8826793539708
12201337049
43932916607
81851862093246
62296611003
85493709885
167325617123
559607673610
28691788206
33069916898565
48100060348380
74392485085863
7748940763
69078933177
29099825719
3882118237
5266967479377
2491226000339
78121980756
7044861995
75380798479
9636393097795
1452226245
39047155440
7357262277
21103554066557
362945617439
20631889541118
18470538165
714790198043
7425433026564
2964891691789
32226683113499
596753554165
4699942702
256857006674
31567273985
2973107685155
33395800595434
459102378122
9842159062577
21127830854547
888641790772
51572929750636
7537313742952
98114153372
9037422798
4757621339
65720013103
79998879556
30563630204435
673244353454
22352025877293
484259714079
25547019056126
4908071588720
35080671763
5673014204132
3143788781
6424951854
6128541766000
693179619337
9750138777338
57666719415
2931740271859
242208076667
3833026310
6754463705915
17615118442
7331928574
6467539578
83713257431762
401807284023
923971033809
1796136236975
7917030921
56166495356
1010997686756
675902628460
25709741658436
944731634472
6278040114291
658862255430
8828678494
83474651637
8454874658637
76968794630256
4659197955
41038907506
52076742129
619766520768
654831353320
631587674562
693481130465
18517161948
452272885479
138649702630
258015432630
77349679238130
7171873128
66972867283
78681081919
166216872967
541302289091
12224600016
91050804954404
4837269641
43754061064771
31884287105
993048792076
3071314595
35846467397986
26887206547118
21405243903
93407198030
8669768982254
95643697660
600798370330
34690585348937
1870087182887
84720647691292
7297097889
29705743261
60672710461
6016024231291
2375935720532
93575835209
3444269929
98615039166914
86481828464488
2039111502
6152850233271
481488681524
7410247423678
9638211609
83227092326893
491393131565
6477999701133
342892923258
53539209226
39988321313256
275428957288
60559344557
24817581961555
6152128254
216118611579
8793548175387
34527880198
3222093640657
161218037817
2653177396
53928669494576
4622840371265
347651617889
36043865707208
6599167606
9488017250037
44242928849638
98656657375
8094410923907
9085263720
2527927142
5270560461777
32864380871
626804194876
6843756154
94893910308
41502567163
58273754353767
977519311890
83533706673028
854821552085
7980615444217
459435459231
393362391545
87472853589
50183642971330
84115154369617
257453295196
28123430504
6659542028850
238190924479
20138908442760
3246739638
38972905895
6005820464237
13925224274
44624244726984
7518813357
94541903547931
201700229254
217282694829
917009226341
332916308146
864005377360
552627167420
13995961168445
2757275457041
6889776837
2546228208
73142384844651
11901178920840
8019443503140
74005327006226
5475881436670
799311843575
10205792773112
82171204381968
21643332502133
2373205241250
5627390625
37582037769943
5515863056985
31906748017906
3120278121
9266617535573
8068613934
225553682243
27674923113
27883225973551
970099664719
2496106449
465948835847
2360652092
343984141835
1042412768935
36521181024
53021337770
67172697562
80704260784
4781703574
1349001603607
9977491393
8694119529
5860489679
7548843161
58087527297091
99804550656
62370170045994
96927817284
6116041764764
1428044261090
8604712755
194067322146
640740248208
5510242860
2016895292626
203050882254
14918957942
56094244741
40277608390307
9342002267
42447664346
95337258500
23890416650
3816570645
18793909357253
32367741318
8319618647
6155509153512
63792597613991
7110675889414
3837751440
551797428495
95056632681
54004371440
32649055033
67568124440712
8470797387159
98086897033442
6682582475446
6014210100
45888664489
528966147411
32636214292
3894019210184
708882377198
2792273897
48276643834777
48555944473772
76593370755
22088065570
19616873742
812579811022
7777016625
18563844213
155177377264
73218838413458
83098827576
13950474477218
75643964048
276689751325
140348296647
7107573474
47585209454
75060812743402
42576345095952
9105308783
437699187632
29871593808
71023570361
49393913916509
2075985132865
72065006356631
561736634778
3412831333
90753040767
456825790302
43698788744
846649197142
3236460021
7963667533465
79302538100
42264950446
91759269319
828148392756
3827756021069
12092473958005
830959615858
4995194341959
515498586469
542582565609
209374421536
92286749353018
19159009743
2666700778283
130111149059
26528186106
9607990292635
2773999639
35044930130134
725239223124
766137578809
22765610962
8542130711108
8800022917
2060298951
3026324332
34855951359
9148650902165
1047397149
7237820228927
70526756122205
136365105544
83554202958302
2743016880
4740433989
136266440283
11303361865316
1844406081685
1984488849
2634267301720
18885193644440
4337953606
98919299243291
3544207576224
8569570789
2444547281
80178692308915
145260704243
4512559411
6385432500762
98951608724
40578329962332
2179050596575
3063734173
3738292361
4303982586769
15588718110235
7040092829886
90758557830
52523227259451
4910020525396
5442674179663
79780804068
1019295614
85371904812
2288267977199
473031560871
5475814732
42551497358
853943290686
9244408656
15740719278800
87858094713581
1846119038
2023321181
76311892510991
3695019342
80849470570
31122552833635
8195195711
18217540985416
622191598805
16034463133
1974571914041
40296578015766
151928839199
11013098771
28912929231
341543174389
7956081074
782123470746
7361376273
7190954848964
5450277568
3700000222376
15299855577
428524444646
8836549271
78645581798
32791161267
1393206184
5947837182
7323640343759
65162841212703
2235484887
46938701629064
8333965411251
5593721444096
5035578456
6754101696
1807406031288
7942571427520
16946911281716
2651098704
92398667027
51498755910230
329421039698
453987064524
4844179031334
609282169453
79018489371604
6602814838
222739752512
41713110934
41071715988076
47702095428413
3713622971
83767136477343
29959243705
15215581594134
9835326049
7872099204
5512676966
397901078942
52356572094
82848070780099
3119366926325
331190480362
71276505874090
3737260164
88702534400570
323388237498
6266067212
72122165411403